Date,Team,Where,Opp,Result,MP,FGA,3P,3PA,FT,FTA,ORB,DRB,TRB,AST,PTS,PAR,PA,PR,AR,name
2024-10-23,PHI,,MIL,"L, 109-124",38:59,31,2,9,3,4,0,6,6,3,25,34,28,31,9,tyrese
2024-10-25,PHI,@,TOR,"L, 107-115",40:54,23,2,12,10,12,0,2,2,4,24,30,28,26,6,tyrese
2024-10-27,PHI,@,IND,"W, 118-114 (OT)",47:47,32,5,17,12,15,0,4,4,4,45,53,49,49,8,tyrese
2024-10-30,PHI,,DET,"L, 95-105",40:04,25,2,10,6,7,0,3,3,7,32,42,39,35,10,tyrese
2024-11-02,PHI,,MEM,"L, 107-124",37:28,19,4,9,3,3,0,2,2,6,23,31,29,25,8,tyrese
2024-11-04,PHI,@,PHO,"L, 116-118",40:56,22,6,14,2,3,0,3,3,2,32,37,34,35,5,tyrese
2024-11-06,PHI,@,LAC,"L, 98-110",31:34,13,1,6,1,1,0,1,1,1,12,14,13,13,2,tyrese
2024-11-20,PHI,@,MEM,"L, 111-117",19:38,13,0,6,2,2,0,3,3,2,8,13,10,11,5,tyrese
2024-11-22,PHI,,BRK,"W, 113-98",26:30,17,3,6,1,1,1,3,4,5,26,35,31,30,9,tyrese
2024-11-24,PHI,,LAC,"L, 99-125",29:52,13,3,6,4,4,0,4,4,4,17,25,21,21,8,tyrese
2024-11-27,PHI,,HOU,"L, 115-122 (OT)",45:02,34,6,12,5,5,0,2,2,10,39,51,49,41,12,tyrese
2024-11-30,PHI,@,DET,"W, 111-96",35:13,24,5,10,1,2,1,3,4,6,28,38,34,32,10,tyrese
2024-12-03,PHI,@,CHO,"W, 110-104",36:42,16,1,7,10,11,0,3,3,7,21,31,28,24,10,tyrese
2024-12-04,PHI,,ORL,"L, 102-106",38:29,19,0,7,2,2,1,3,4,6,16,26,22,20,10,tyrese
2024-12-06,PHI,,ORL,"W, 102-94",35:18,17,1,7,5,7,0,2,2,2,16,20,18,18,4,tyrese
2024-12-08,PHI,@,CHI,"W, 108-100",42:26,22,3,12,2,2,0,11,11,14,25,50,39,36,25,tyrese
2024-12-13,PHI,,IND,"L, 107-121",36:44,15,3,5,5,7,0,3,3,2,22,27,24,25,5,tyrese
2024-12-16,PHI,@,CHO,"W, 121-108",39:57,28,6,12,10,13,1,4,5,5,40,50,45,45,10,tyrese
2024-12-20,PHI,,CHO,"W, 108-98",37:39,18,4,11,1,2,0,4,4,6,23,33,29,27,10,tyrese
2024-12-21,PHI,@,CLE,"L, 99-126",33:00,21,5,10,6,8,0,1,1,3,27,31,30,28,4,tyrese
2024-12-23,PHI,,SAS,"W, 111-106",40:43,25,5,11,3,5,0,10,10,8,32,50,40,42,18,tyrese
2024-12-25,PHI,@,BOS,"W, 118-114",40:48,23,3,9,6,6,1,3,4,12,33,49,45,37,16,tyrese
2024-12-28,PHI,@,UTA,"W, 114-111",40:39,23,5,13,9,10,0,0,0,6,32,38,38,32,6,tyrese
2024-12-30,PHI,@,POR,"W, 125-103",35:52,13,3,7,6,6,0,1,1,3,23,27,26,24,4,tyrese
2025-01-01,PHI,@,SAC,"L, 107-113",42:25,23,3,10,4,4,0,2,2,7,27,36,34,29,9,tyrese
2025-01-02,PHI,@,GSW,"L, 105-139",32:03,13,2,6,4,4,0,3,3,6,14,23,20,17,9,tyrese
2025-01-04,PHI,@,BRK,"W, 123-94",31:48,12,2,6,6,7,0,2,2,7,18,27,25,20,9,tyrese
2025-01-06,PHI,,PHO,"L, 99-109",43:54,25,6,14,3,5,0,0,0,10,31,41,41,31,10,tyrese
2025-01-08,PHI,,WAS,"W, 109-103",38:33,27,3,14,4,6,0,3,3,6,29,38,35,32,9,tyrese
2025-01-10,PHI,,NOP,"L, 115-123",40:38,20,2,8,8,8,2,4,6,12,30,48,42,36,18,tyrese
2025-01-12,PHI,@,ORL,"L, 99-104",38:54,19,3,9,12,13,0,4,4,5,29,38,34,33,9,tyrese
2025-01-15,PHI,,NYK,"L, 119-125 (OT)",45:36,32,2,9,5,5,2,4,6,6,33,45,39,39,12,tyrese
2025-01-18,PHI,@,IND,"L, 102-115",38:48,23,2,7,6,6,0,1,1,3,28,32,31,29,4,tyrese
2025-01-19,PHI,@,MIL,"L, 109-123",41:26,28,6,15,3,3,0,6,6,7,37,50,44,43,13,tyrese
2025-01-21,PHI,@,DEN,"L, 109-144",33:54,21,3,10,3,3,0,2,2,10,28,40,38,30,12,tyrese
2025-01-24,PHI,,CLE,"W, 132-129",39:34,18,4,8,7,7,0,3,3,7,29,39,36,32,10,tyrese
2025-01-25,PHI,@,CHI,"W, 109-97",43:04,23,5,13,2,2,0,5,5,9,31,45,40,36,14,tyrese
2025-01-28,PHI,,LAL,"W, 118-104",35:57,26,4,11,9,9,0,3,3,2,43,48,45,46,5,tyrese
2025-01-29,PHI,,SAC,"W, 117-104",37:49,24,1,6,5,5,1,3,4,8,30,42,38,34,12,tyrese
2025-01-31,PHI,,DEN,"L, 134-137",39:05,26,6,11,6,8,0,2,2,9,42,53,51,44,11,tyrese
2025-02-02,PHI,,BOS,"L, 110-118",40:25,21,5,8,11,11,0,3,3,6,34,43,40,37,9,tyrese
2025-02-04,PHI,,DAL,"W, 118-116",40:29,22,3,11,4,5,1,3,4,13,33,50,46,37,17,tyrese
2025-02-05,PHI,,MIA,"L, 101-108",38:11,28,3,11,6,6,0,3,3,5,31,39,36,34,8,tyrese
2025-02-07,PHI,@,DET,"L, 112-125",38:36,20,4,10,5,6,1,2,3,7,27,37,34,30,10,tyrese
2025-02-09,PHI,@,MIL,"L, 127-135",40:08,23,5,10,2,3,1,3,4,5,39,48,44,43,9,tyrese
2025-02-11,PHI,,TOR,"L, 103-106",34:04,9,1,7,2,2,0,5,5,3,5,13,8,10,8,tyrese
2025-02-20,PHI,,BOS,"L, 104-124",34:21,10,1,4,3,3,0,5,5,7,16,28,23,21,12,tyrese
2025-02-22,PHI,,BRK,"L, 103-105",42:55,23,5,11,6,6,0,2,2,5,31,38,36,33,7,tyrese
2025-02-24,PHI,,CHI,"L, 110-142",28:49,10,1,2,6,7,0,0,0,2,13,15,15,13,2,tyrese
2025-02-26,PHI,@,NYK,"L, 105-110",43:30,32,0,10,6,6,1,3,4,5,30,39,35,34,9,tyrese
2025-03-01,PHI,,GSW,"W, 126-119",39:49,14,0,2,1,1,1,2,3,11,5,19,16,8,14,tyrese
2025-03-03,PHI,,POR,"L, 102-119",23:10,13,1,7,0,0,0,0,0,6,5,11,11,5,6,tyrese
