Date,Team,Where,Opp,Result,MP,FGA,3P,3PA,FT,FTA,ORB,DRB,TRB,AST,PTS,PAR,PA,PR,AR,name
2024-10-23,CHI,@,NOP,"L, 111-123",04:42,3,0,3,0,0,0,2,2,1,0,3,1,2,3,matas
2024-10-25,CHI,@,MIL,"W, 133-122",08:59,3,0,1,0,0,0,0,0,2,2,4,4,2,2,matas
2024-10-26,CHI,,OKC,"L, 95-114",07:07,3,0,0,1,2,1,0,1,0,3,4,3,4,1,matas
2024-10-28,CHI,@,MEM,"W, 126-123",02:58,1,0,1,0,0,0,0,0,0,0,0,0,0,0,matas
2024-10-30,CHI,,ORL,"W, 102-99",04:06,1,0,0,0,0,0,0,0,0,0,0,0,0,0,matas
2024-11-04,CHI,,UTA,"L, 126-135",04:19,1,0,0,0,0,0,1,1,0,0,1,0,1,1,matas
2024-11-06,CHI,@,DAL,"L, 99-119",22:51,9,3,4,2,2,3,6,9,0,13,22,13,22,9,matas
2024-11-07,CHI,,MIN,"L, 119-135",16:50,3,0,2,0,0,1,2,3,0,2,5,2,5,3,matas
2024-11-09,CHI,@,ATL,"W, 125-113",05:22,0,0,0,0,2,0,1,1,0,0,1,0,1,1,matas
2024-11-11,CHI,,CLE,"L, 113-119",03:44,1,0,1,0,0,0,1,1,0,0,1,0,1,1,matas
2024-11-13,CHI,@,NYK,"W, 124-123",12:07,6,0,3,2,2,0,4,4,0,4,8,4,8,4,matas
2024-11-15,CHI,@,CLE,"L, 126-144",08:26,3,3,3,0,0,0,2,2,0,9,11,9,11,2,matas
2024-11-17,CHI,,HOU,"L, 107-143",15:54,6,2,3,2,2,1,2,3,0,8,11,8,11,3,matas
2024-11-18,CHI,@,DET,"W, 122-112",02:16,1,0,1,0,0,0,0,0,0,0,0,0,0,0,matas
2024-11-20,CHI,@,MIL,"L, 106-122",05:42,1,0,1,2,2,0,2,2,0,2,4,2,4,2,matas
2024-11-22,CHI,,ATL,"W, 136-122",19:59,8,1,4,2,2,0,4,4,0,9,13,9,13,4,matas
2024-11-23,CHI,,MEM,"L, 131-142",29:24,13,2,5,0,1,1,2,3,1,14,18,15,17,4,matas
2024-11-26,CHI,@,WAS,"W, 127-108",17:17,7,1,4,0,0,1,3,4,0,9,13,9,13,4,matas
2024-11-27,CHI,@,ORL,"L, 119-133",25:16,7,1,5,2,2,0,2,2,0,7,9,7,9,2,matas
2024-11-29,CHI,,BOS,"L, 129-138",04:57,2,0,1,0,0,0,2,2,0,2,4,2,4,2,matas
2024-12-02,CHI,,BRK,"W, 128-102",21:48,10,4,5,2,2,1,4,5,1,20,26,21,25,6,matas
2024-12-05,CHI,@,SAS,"W, 139-124",18:31,7,2,3,1,2,2,5,7,1,11,19,12,18,8,matas
2024-12-06,CHI,,IND,"L, 123-132",17:30,7,2,3,2,2,0,2,2,3,8,13,11,10,5,matas
2024-12-08,CHI,,PHI,"L, 100-108",23:31,7,0,5,1,1,0,3,3,0,5,8,5,8,3,matas
2024-12-13,CHI,,CHO,"W, 109-95",19:58,11,1,5,2,2,3,2,5,3,5,13,8,10,8,matas
2024-12-16,CHI,@,TOR,"W, 122-121",12:33,5,1,2,0,0,0,4,4,1,7,12,8,11,5,matas
2024-12-19,CHI,@,BOS,"W, 117-108",09:45,3,0,2,0,0,0,3,3,1,0,4,1,3,4,matas
2024-12-21,CHI,,BOS,"L, 98-123",20:07,10,1,4,0,0,0,1,1,2,9,12,11,10,3,matas
2024-12-23,CHI,,MIL,"L, 91-112",15:21,4,1,3,1,2,1,1,2,1,4,7,5,6,3,matas
2024-12-28,CHI,,MIL,"W, 116-111",12:58,2,0,0,0,0,2,1,3,0,2,5,2,5,3,matas
2024-12-30,CHI,@,CHO,"W, 115-108 (OT)",10:26,6,0,1,0,0,0,2,2,0,2,4,2,4,2,matas
2025-01-01,CHI,@,WAS,"L, 107-125",14:12,5,1,3,0,0,1,3,4,0,5,9,5,9,4,matas
2025-01-04,CHI,,NYK,"W, 139-126",02:01,0,0,0,2,2,1,0,1,0,2,3,2,3,1,matas
2025-01-06,CHI,,SAS,"W, 114-110",12:13,3,0,2,0,0,1,0,1,1,0,2,1,1,2,matas
2025-01-08,CHI,@,IND,"L, 113-129",13:03,2,0,1,0,0,1,1,2,0,2,4,2,4,2,matas
2025-01-10,CHI,,WAS,"W, 138-105",15:40,4,2,3,0,0,0,3,3,0,8,11,8,11,3,matas
2025-01-12,CHI,,SAC,"L, 119-124",12:50,2,1,1,0,0,1,1,2,0,5,7,5,7,2,matas
2025-01-14,CHI,,NOP,"L, 113-119",11:56,6,1,3,0,0,0,4,4,0,5,9,5,9,4,matas
2025-01-15,CHI,,ATL,"L, 94-110",17:29,8,0,3,0,0,0,5,5,0,8,13,8,13,5,matas
2025-01-17,CHI,,CHO,"L, 123-125",04:10,2,0,1,0,0,0,0,0,0,2,2,2,2,0,matas
2025-01-19,CHI,@,POR,"L, 102-113",14:50,5,1,2,2,2,1,2,3,0,7,10,7,10,3,matas
2025-01-20,CHI,@,LAC,"W, 112-99",12:31,6,1,3,2,2,3,1,4,0,5,9,5,9,4,matas
2025-01-23,CHI,@,GSW,"L, 106-131",11:01,6,0,1,1,1,2,2,4,0,3,7,3,7,4,matas
2025-01-25,CHI,,PHI,"L, 97-109",12:07,2,1,1,1,2,1,2,3,0,6,9,6,9,3,matas
2025-01-27,CHI,,DEN,"W, 129-121",19:53,5,1,1,0,0,0,4,4,2,9,15,11,13,6,matas
2025-01-29,CHI,@,BOS,"L, 100-122",21:34,6,2,4,2,2,0,4,4,0,12,16,12,16,4,matas
2025-01-31,CHI,@,TOR,"W, 122-106",26:04,8,2,4,2,2,0,7,7,0,12,19,12,19,7,matas
2025-02-02,CHI,@,DET,"L, 119-127",25:42,9,2,5,0,0,2,1,3,1,12,16,13,15,4,matas
2025-02-04,CHI,,MIA,"W, 133-124",31:02,10,4,4,0,0,0,2,2,0,24,26,24,26,2,matas
2025-02-05,CHI,@,MIN,"L, 108-127",29:22,10,0,4,6,9,1,4,5,1,14,20,15,19,6,matas
2025-02-08,CHI,,GSW,"L, 111-132",29:08,10,1,3,3,4,0,4,4,5,16,25,21,20,9,matas
2025-02-11,CHI,,DET,"L, 92-132",19:04,7,2,2,0,0,0,1,1,1,12,14,13,13,2,matas
2025-02-12,CHI,,DET,"L, 110-128",25:54,12,1,7,0,0,0,1,1,1,11,13,12,12,2,matas
2025-02-20,CHI,@,NYK,"L, 111-113 (OT)",24:16,8,1,6,0,0,0,7,7,1,5,13,6,12,8,matas
2025-02-22,CHI,,PHO,"L, 117-121",23:35,10,3,7,2,2,0,3,3,1,15,19,16,18,4,matas
2025-02-24,CHI,@,PHI,"W, 142-110",35:38,17,1,6,4,4,1,2,3,5,17,25,22,20,8,matas
2025-02-26,CHI,,LAC,"L, 117-122",25:48,7,1,3,0,0,2,2,4,2,5,11,7,9,6,matas
2025-02-28,CHI,,TOR,"W, 125-115 (OT)",25:01,8,0,4,2,2,0,4,4,3,10,17,13,14,7,matas
2025-03-02,CHI,@,IND,"L, 112-127",30:13,16,2,6,0,0,2,4,6,3,18,27,21,24,9,matas
2025-03-04,CHI,,CLE,"L, 117-139",31:07,17,1,7,2,2,3,4,7,3,17,27,20,24,10,matas
2025-03-06,CHI,@,ORL,"W, 125-123",29:17,8,2,4,1,1,2,3,5,2,11,18,13,16,7,matas
2025-03-08,CHI,@,MIA,"W, 114-109",32:18,9,1,5,4,4,0,5,5,1,13,19,14,18,6,matas
2025-03-10,CHI,,IND,"W, 121-103",24:11,9,0,3,0,0,0,4,4,1,8,13,9,12,5,matas
2025-03-13,CHI,,BRK,"W, 116-110",14:35,7,0,3,2,2,1,2,3,1,6,10,7,9,4,matas
2025-03-15,CHI,@,HOU,"L, 114-117",18:41,10,2,5,0,0,0,3,3,1,10,14,11,13,4,matas
2025-03-17,CHI,@,UTA,"W, 111-97",29:46,13,3,7,0,0,1,8,9,2,17,28,19,26,11,matas
2025-03-19,CHI,@,PHO,"L, 121-127",24:56,6,0,3,3,3,0,0,0,1,5,6,6,5,1,matas
2025-03-20,CHI,@,SAC,"W, 128-116",14:56,5,1,4,0,0,0,1,1,0,5,6,5,6,1,matas
2025-03-22,CHI,@,LAL,"W, 146-115",29:51,18,5,10,2,2,1,1,2,1,31,34,32,33,3,matas
2025-03-24,CHI,@,DEN,"W, 129-119",23:58,7,2,3,2,2,1,3,4,2,10,16,12,14,6,matas
2025-03-27,CHI,,LAL,"W, 119-117",24:53,10,2,5,4,5,2,5,7,1,12,20,13,19,8,matas
2025-03-29,CHI,,DAL,"L, 119-120",37:37,17,5,7,3,4,0,9,9,6,28,43,34,37,15,matas
2025-03-31,CHI,@,OKC,"L, 117-145",30:38,12,2,7,2,2,0,7,7,1,14,22,15,21,8,matas
2025-04-01,CHI,,TOR,"W, 137-118",28:44,5,1,2,2,4,0,3,3,0,9,12,9,12,3,matas
2025-04-04,CHI,,POR,"W, 118-113",33:34,10,2,4,0,1,2,10,12,1,12,25,13,24,13,matas
2025-04-06,CHI,@,CHO,"W, 131-117",23:49,8,2,3,0,2,2,2,4,1,10,15,11,14,5,matas
2025-04-08,CHI,@,CLE,"L, 113-135",27:08,12,2,7,5,7,0,5,5,5,19,29,24,24,10,matas
2025-04-09,CHI,,MIA,"W, 119-111",34:14,10,3,5,2,2,0,4,4,0,17,21,17,21,4,matas
2025-04-11,CHI,,WAS,"W, 119-89",31:36,14,3,6,3,3,2,4,6,4,20,30,24,26,10,matas
2025-04-13,CHI,@,PHI,"W, 122-102",14:28,3,1,1,0,0,1,2,3,1,7,11,8,10,4,matas
