Date,Team,Where,Opp,Result,MP,FGA,3P,3PA,FT,FTA,ORB,DRB,TRB,AST,PTS,PAR,PA,PR,AR,name
2024-10-22,MIN,@,LAL,"L, 103-110",26:21,8,2,4,4,4,1,3,4,1,12,17,13,16,5,naz
2024-10-24,MIN,@,SAC,"W, 117-115",26:31,10,4,7,3,3,0,13,13,3,19,35,22,32,16,naz
2024-10-26,MIN,,TOR,"W, 112-101",21:11,7,0,2,4,4,1,3,4,1,10,15,11,14,5,naz
2024-10-29,MIN,,DAL,"L, 114-120",25:40,8,2,5,2,2,0,9,9,2,14,25,16,23,11,naz
2024-11-01,MIN,,DEN,"W, 119-116",23:29,10,1,3,1,1,1,2,3,2,16,21,18,19,5,naz
2024-11-02,MIN,@,SAS,"L, 103-113",26:15,8,2,5,1,2,0,4,4,2,11,17,13,15,6,naz
2024-11-04,MIN,,CHO,"W, 114-93",25:59,13,5,7,2,2,2,7,9,2,25,36,27,34,11,naz
2024-11-07,MIN,@,CHI,"W, 135-119",17:41,7,0,3,0,0,1,1,2,1,4,7,5,6,3,naz
2024-11-08,MIN,,POR,"W, 127-102",22:05,11,3,5,0,0,0,4,4,1,15,20,16,19,5,naz
2024-11-10,MIN,,MIA,"L, 94-95",22:31,11,4,7,1,1,1,2,3,2,15,20,17,18,5,naz
2024-11-12,MIN,@,POR,"L, 108-122",33:58,17,4,8,4,4,0,6,6,1,28,35,29,34,7,naz
2024-11-13,MIN,@,POR,"L, 98-106",28:10,12,2,8,3,4,1,2,3,2,15,20,17,18,5,naz
2024-11-15,MIN,@,SAC,"W, 130-126 (OT)",23:45,12,2,4,0,0,1,4,5,2,16,23,18,21,7,naz
2024-11-17,MIN,,PHO,"W, 120-117",22:28,10,1,6,4,5,2,2,4,1,13,18,14,17,5,naz
2024-11-21,MIN,@,TOR,"L, 105-110",21:52,8,0,3,0,0,2,2,4,1,2,7,3,6,5,naz
2024-11-24,MIN,@,BOS,"L, 105-107",25:43,9,1,6,0,0,0,5,5,2,5,12,7,10,7,naz
2024-11-26,MIN,,HOU,"L, 111-117 (OT)",26:59,14,3,7,2,2,1,6,7,0,19,26,19,26,7,naz
2024-11-27,MIN,,SAC,"L, 104-115",23:34,7,0,3,1,2,0,3,3,1,7,11,8,10,4,naz
2024-11-29,MIN,,LAC,"W, 93-92",22:59,9,1,6,1,1,0,6,6,1,8,15,9,14,7,naz
2024-12-02,MIN,,LAL,"W, 109-80",27:36,11,2,5,1,1,0,2,2,2,15,19,17,17,4,naz
2024-12-04,MIN,@,LAC,"W, 108-80",20:34,4,0,2,2,2,0,4,4,1,4,9,5,8,5,naz
2024-12-06,MIN,@,GSW,"W, 107-90",32:16,10,1,5,0,0,1,9,10,4,9,23,13,19,14,naz
2024-12-08,MIN,@,GSW,"L, 106-114",20:51,8,1,6,3,5,0,6,6,2,10,18,12,16,8,naz
2024-12-13,MIN,,LAL,"W, 97-87",25:32,10,2,2,2,2,1,4,5,0,10,15,10,15,5,naz
2024-12-15,MIN,@,SAS,"W, 106-92",26:45,10,0,4,1,1,0,8,8,3,3,14,6,11,11,naz
2024-12-19,MIN,,NYK,"L, 107-133",15:38,7,1,4,0,0,0,2,2,2,3,7,5,5,4,naz
2024-12-21,MIN,,GSW,"L, 103-113",24:40,11,4,7,0,0,1,3,4,2,16,22,18,20,6,naz
2024-12-23,MIN,@,ATL,"L, 104-117",28:48,19,3,10,0,0,2,1,3,3,23,29,26,26,6,naz
2024-12-25,MIN,@,DAL,"W, 105-99",21:57,6,0,0,0,0,0,2,2,2,6,10,8,8,4,naz
2024-12-27,MIN,@,HOU,"W, 113-112",24:26,12,1,5,1,3,2,1,3,1,14,18,15,17,4,naz
2024-12-29,MIN,,SAS,"W, 112-110",20:32,11,1,4,0,2,0,4,4,2,11,17,13,15,6,naz
2024-12-31,MIN,@,OKC,"L, 105-113",32:55,14,1,5,2,2,2,6,8,1,19,28,20,27,9,naz
2025-01-02,MIN,,BOS,"L, 115-118",25:33,11,4,5,4,4,3,2,5,3,20,28,23,25,8,naz
2025-01-04,MIN,@,DET,"L, 105-119",25:29,7,2,4,3,4,0,3,3,1,9,13,10,12,4,naz
2025-01-06,MIN,,LAC,"W, 108-106",31:14,14,1,5,1,3,1,6,7,3,18,28,21,25,10,naz
2025-01-07,MIN,@,NOP,"W, 104-97",22:41,16,1,5,0,1,6,6,12,1,13,26,14,25,13,naz
2025-01-09,MIN,@,ORL,"W, 104-89",23:09,9,2,4,4,6,0,3,3,1,16,20,17,19,4,naz
2025-01-11,MIN,,MEM,"L, 125-127",29:36,10,5,7,0,0,1,5,6,3,19,28,22,25,9,naz
2025-01-13,MIN,@,WAS,"W, 120-106",23:55,5,3,4,3,4,0,5,5,1,12,18,13,17,6,naz
2025-01-15,MIN,,GSW,"L, 115-116",28:39,13,3,7,2,2,2,4,6,1,15,22,16,21,7,naz
2025-01-17,MIN,@,NYK,"W, 116-99",24:42,11,6,6,1,2,2,6,8,1,23,32,24,31,9,naz
2025-01-18,MIN,,CLE,"L, 117-124",26:28,12,4,8,0,0,0,2,2,4,16,22,20,18,6,naz
2025-01-20,MIN,@,MEM,"L, 106-108",33:00,20,5,10,2,2,3,5,8,1,29,38,30,37,9,naz
2025-01-22,MIN,@,DAL,"W, 115-114",26:48,9,2,3,0,0,0,6,6,1,12,19,13,18,7,naz
2025-01-25,MIN,,DEN,"W, 133-104",25:20,9,1,2,2,2,2,0,2,4,13,19,17,15,6,naz
2025-01-27,MIN,,ATL,"W, 100-92",28:42,9,3,5,0,0,0,3,3,2,15,20,17,18,5,naz
2025-01-30,MIN,@,UTA,"W, 138-113",28:07,5,4,5,0,0,0,4,4,4,12,20,16,16,8,naz
2025-02-01,MIN,,WAS,"L, 103-105",19:31,10,2,6,0,0,0,3,3,0,8,11,8,11,3,naz
2025-02-03,MIN,,SAC,"L, 114-116",40:17,19,5,9,1,1,1,4,5,3,30,38,33,35,8,naz
2025-02-05,MIN,,CHI,"W, 127-108",35:47,19,4,10,2,2,2,8,10,6,22,38,28,32,16,naz
2025-02-06,MIN,,HOU,"W, 127-114",35:32,16,2,8,1,1,4,7,11,4,15,30,19,26,15,naz
2025-02-08,MIN,,POR,"W, 114-98",38:21,16,5,9,0,2,0,8,8,2,23,33,25,31,10,naz
2025-02-10,MIN,@,CLE,"L, 107-128",35:16,12,1,6,1,2,2,4,6,4,10,20,14,16,10,naz
2025-02-12,MIN,,MIL,"L, 101-103",32:56,17,1,7,7,7,2,11,13,2,22,37,24,35,15,naz
2025-02-13,MIN,,OKC,"W, 116-101",37:35,18,3,9,2,2,4,10,14,7,27,48,34,41,21,naz
2025-02-21,MIN,@,HOU,"L, 115-121",33:43,16,2,6,2,2,1,7,8,3,22,33,25,30,11,naz
2025-02-23,MIN,,OKC,"L, 123-130",39:56,18,3,9,7,7,2,9,11,2,22,35,24,33,13,naz
2025-02-24,MIN,@,OKC,"W, 131-128 (OT)",40:34,21,2,8,6,6,2,9,11,3,22,36,25,33,14,naz
2025-02-27,MIN,@,LAL,"L, 102-111",30:50,10,0,5,1,2,4,8,12,2,3,17,5,15,14,naz
2025-02-28,MIN,@,UTA,"L, 116-117",41:06,25,6,15,1,2,4,7,11,5,27,43,32,38,16,naz
2025-03-02,MIN,@,PHO,"W, 116-98",39:18,15,1,8,0,2,0,10,10,5,7,22,12,17,15,naz
2025-03-04,MIN,,PHI,"W, 126-112",32:45,18,5,10,0,0,1,5,6,2,23,31,25,29,8,naz
2025-03-05,MIN,@,CHO,"W, 125-110",34:44,12,2,7,1,2,1,9,10,2,13,25,15,23,12,naz
2025-03-07,MIN,@,MIA,"W, 106-104",33:59,13,3,7,0,0,1,3,4,3,15,22,18,19,7,naz
2025-03-09,MIN,,SAS,"W, 141-124",26:54,15,4,8,0,0,1,6,7,4,20,31,24,27,11,naz
2025-03-12,MIN,@,DEN,"W, 115-95",26:17,7,2,5,0,0,0,5,5,2,8,15,10,13,7,naz
2025-03-14,MIN,,ORL,"W, 118-111",27:22,9,2,6,0,2,0,7,7,3,8,18,11,15,10,naz
2025-03-16,MIN,,UTA,"W, 128-102",19:53,10,0,5,1,2,4,5,9,3,5,17,8,14,12,naz
2025-03-17,MIN,,IND,"L, 130-132 (OT)",30:13,16,3,7,0,0,1,3,4,0,21,25,21,25,4,naz
2025-03-19,MIN,,NOP,"L, 115-119",33:35,11,2,7,1,2,2,5,7,4,9,20,13,16,11,naz
2025-03-21,MIN,,NOP,"W, 134-93",24:29,13,3,8,0,0,0,5,5,6,15,26,21,20,11,naz
2025-03-24,MIN,@,IND,"L, 103-119",26:24,13,3,6,1,2,0,3,3,2,20,25,22,23,5,naz
2025-03-28,MIN,,PHO,"W, 124-109",26:11,7,3,5,0,0,1,6,7,4,9,20,13,16,11,naz
2025-03-30,MIN,,DET,"W, 123-104",09:37,3,0,1,0,0,0,2,2,1,2,5,3,4,3,naz
2025-04-03,MIN,@,BRK,"W, 105-90",25:34,9,1,4,2,2,0,2,2,3,13,18,16,15,5,naz
2025-04-05,MIN,@,PHI,"W, 114-109",27:08,10,0,5,1,2,0,7,7,2,9,18,11,16,9,naz
2025-04-08,MIN,@,MIL,"L, 103-110",26:29,12,3,7,0,0,1,3,4,3,17,24,20,21,7,naz
2025-04-10,MIN,@,MEM,"W, 141-125",23:56,13,1,5,5,5,3,3,6,1,14,21,15,20,7,naz
2025-04-11,MIN,,BRK,"W, 117-91",26:17,6,1,3,0,0,2,3,5,2,7,14,9,12,7,naz
2025-04-13,MIN,,UTA,"W, 116-105",24:34,10,0,3,1,1,3,5,8,2,11,21,13,19,10,naz
