Date,Team,Where,Opp,Result,MP,FGA,3P,3PA,FT,FTA,ORB,DRB,TRB,AST,PTS,PAR,PA,PR,AR,name
2024-10-24,OKC,@,DEN,"W, 102-87",28:35,7,0,2,1,1,1,1,2,0,5,7,5,7,2,luguentz
2024-10-26,OKC,@,CHI,"W, 114-95",24:44,5,1,3,2,2,0,2,2,1,7,10,8,9,3,luguentz
2024-10-27,OKC,,ATL,"W, 128-104",28:50,7,4,6,2,2,1,1,2,1,16,19,17,18,3,luguentz
2024-10-30,OKC,,SAS,"W, 105-93",25:05,9,6,8,0,0,3,3,6,1,20,27,21,26,7,luguentz
2024-11-01,OKC,@,POR,"W, 137-114",25:28,9,1,4,1,1,1,4,5,2,8,15,10,13,7,luguentz
2024-11-02,OKC,@,LAC,"W, 105-92",29:44,12,1,4,3,4,1,3,4,3,16,23,19,20,7,luguentz
2024-11-04,OKC,,ORL,"W, 102-86",27:54,6,2,4,0,0,1,2,3,1,6,10,7,9,4,luguentz
2024-11-06,OKC,@,DEN,"L, 122-124",25:40,6,3,5,2,2,0,6,6,3,11,20,14,17,9,luguentz
2024-11-08,OKC,,HOU,"W, 126-107",18:59,7,1,5,0,0,0,0,0,1,3,4,4,3,1,luguentz
2024-11-10,OKC,,GSW,"L, 116-127",29:38,11,3,8,1,1,1,5,6,3,16,25,19,22,9,luguentz
2024-11-11,OKC,,LAC,"W, 134-128",35:10,14,4,8,1,1,0,2,2,1,19,22,20,21,3,luguentz
2024-11-13,OKC,,NOP,"W, 106-88",32:09,6,3,5,2,4,0,3,3,1,11,15,12,14,4,luguentz
2024-11-15,OKC,,PHO,"W, 99-83",31:36,11,2,7,3,3,3,6,9,2,15,26,17,24,11,luguentz
2024-11-17,OKC,,DAL,"L, 119-121",35:37,10,4,9,4,6,2,3,5,3,18,26,21,23,8,luguentz
2024-11-19,OKC,@,SAS,"L, 104-110",32:27,12,2,8,0,0,6,6,12,2,6,20,8,18,14,luguentz
2024-11-20,OKC,,POR,"W, 109-99",29:49,7,0,6,2,2,1,4,5,2,2,9,4,7,7,luguentz
2024-11-25,OKC,@,SAC,"W, 130-109",39:27,2,0,0,0,0,2,8,10,2,0,12,2,10,12,luguentz
2024-11-27,OKC,@,GSW,"W, 105-101",31:52,5,0,3,0,0,2,3,5,2,2,9,4,7,7,luguentz
2024-11-29,OKC,@,LAL,"W, 101-93",24:08,8,4,5,0,0,2,0,2,2,14,18,16,16,4,luguentz
2024-12-01,OKC,@,HOU,"L, 116-119",26:54,6,2,5,0,0,1,2,3,6,6,15,12,9,9,luguentz
2024-12-03,OKC,,UTA,"W, 133-106",30:07,6,1,5,0,0,1,1,2,1,5,8,6,7,3,luguentz
2024-12-05,OKC,@,TOR,"W, 129-92",27:55,12,0,6,0,0,2,4,6,1,6,13,7,12,7,luguentz
2024-12-07,OKC,@,NOP,"W, 119-109",31:20,10,4,7,0,0,2,3,5,1,14,20,15,19,6,luguentz
2024-12-10,OKC,,DAL,"W, 118-104",31:39,10,3,7,0,0,3,3,6,2,11,19,13,17,8,luguentz
2024-12-14,OKC,,HOU,"W, 111-96",31:16,11,5,9,4,6,2,7,9,1,19,29,20,28,10,luguentz
2024-12-19,OKC,@,ORL,"W, 105-99",26:28,5,0,4,0,0,1,3,4,1,2,7,3,6,5,luguentz
2024-12-20,OKC,@,MIA,"W, 104-97",32:20,7,4,5,0,0,1,0,1,0,14,15,14,15,1,luguentz
2024-12-23,OKC,,WAS,"W, 123-105",24:34,6,0,5,0,0,2,0,2,1,0,3,1,2,3,luguentz
2024-12-26,OKC,@,IND,"W, 120-114",34:32,13,3,8,0,0,3,4,7,0,13,20,13,20,7,luguentz
2024-12-29,OKC,,MEM,"W, 130-106",26:26,6,1,5,0,0,1,3,4,2,3,9,5,7,6,luguentz
2024-12-31,OKC,,MIN,"W, 113-105",34:36,12,4,7,0,0,2,4,6,2,14,22,16,20,8,luguentz
2025-01-02,OKC,,LAC,"W, 116-98",23:24,7,3,7,0,0,0,1,1,0,9,10,9,10,1,luguentz
2025-01-03,OKC,,NYK,"W, 117-107",32:31,7,3,5,0,0,0,2,2,1,11,14,12,13,3,luguentz
2025-01-05,OKC,,BOS,"W, 105-92",38:49,14,4,9,0,0,2,4,6,1,14,21,15,20,7,luguentz
2025-01-08,OKC,@,CLE,"L, 122-129",33:45,6,1,3,2,2,0,4,4,4,7,15,11,11,8,luguentz
2025-01-10,OKC,@,NYK,"W, 126-101",22:48,5,2,3,0,0,2,3,5,2,6,13,8,11,7,luguentz
2025-01-12,OKC,@,WAS,"W, 136-95",24:04,8,1,3,0,0,0,2,2,1,11,14,12,13,3,luguentz
2025-01-14,OKC,@,PHI,"W, 118-102",26:40,8,2,5,0,0,1,1,2,1,8,11,9,10,3,luguentz
2025-01-16,OKC,,CLE,"W, 134-114",19:42,11,6,9,0,0,0,2,2,2,22,26,24,24,4,luguentz
2025-01-17,OKC,@,DAL,"L, 98-106",35:35,10,6,8,0,0,2,3,5,3,18,26,21,23,8,luguentz
2025-01-19,OKC,,BRK,"W, 127-101",21:19,6,0,5,0,0,0,3,3,3,0,6,3,3,6,luguentz
2025-01-22,OKC,,UTA,"W, 123-114",32:10,5,1,4,0,0,3,2,5,4,5,14,9,10,9,luguentz
2025-01-23,OKC,,DAL,"L, 115-121",22:42,5,2,5,0,0,1,3,4,1,6,11,7,10,5,luguentz
2025-01-29,OKC,@,GSW,"L, 109-116",35:46,8,0,4,0,0,5,1,6,2,4,12,6,10,8,luguentz
2025-02-01,OKC,,SAC,"W, 144-110",31:14,12,6,10,0,0,4,3,7,2,20,29,22,27,9,luguentz
2025-02-03,OKC,,MIL,"W, 125-96",20:36,4,2,2,2,2,0,2,2,0,12,14,12,14,2,luguentz
2025-02-05,OKC,,PHO,"W, 140-109",26:13,7,1,5,0,0,1,1,2,1,7,10,8,9,3,luguentz
2025-02-10,OKC,,NOP,"W, 137-101",24:54,7,2,7,0,0,2,1,3,2,6,11,8,9,5,luguentz
2025-02-12,OKC,,MIA,"W, 115-101",32:07,10,2,5,1,1,0,2,2,1,17,20,18,19,3,luguentz
2025-02-13,OKC,@,MIN,"L, 101-116",31:52,10,2,6,0,0,0,3,3,0,14,17,14,17,3,luguentz
2025-02-21,OKC,@,UTA,"W, 130-107",26:11,8,0,4,0,0,0,2,2,1,6,9,7,8,3,luguentz
2025-02-23,OKC,@,MIN,"W, 130-123",32:11,4,0,2,0,0,0,3,3,2,4,9,6,7,5,luguentz
2025-02-24,OKC,,MIN,"L, 128-131 (OT)",28:38,10,1,5,0,2,1,2,3,1,5,9,6,8,4,luguentz
2025-02-26,OKC,@,BRK,"W, 129-121",20:44,7,1,5,0,0,0,1,1,2,3,6,5,4,3,luguentz
2025-02-28,OKC,@,ATL,"W, 135-119",32:11,13,6,11,0,0,1,3,4,1,20,25,21,24,5,luguentz
2025-03-02,OKC,@,SAS,"W, 146-132",23:30,9,1,6,0,0,4,5,9,2,9,20,11,18,11,luguentz
2025-03-03,OKC,,HOU,"W, 137-128",28:41,8,3,7,0,0,0,0,0,2,11,13,13,11,2,luguentz
2025-03-05,OKC,@,MEM,"W, 120-103",33:42,7,1,7,0,0,0,4,4,3,3,10,6,7,7,luguentz
2025-03-09,OKC,,DEN,"W, 127-103",30:18,8,2,5,0,0,2,4,6,3,6,15,9,12,9,luguentz
2025-03-10,OKC,,DEN,"L, 127-140",34:15,16,8,14,0,0,3,4,7,0,26,33,26,33,7,luguentz
2025-03-12,OKC,@,BOS,"W, 118-112",38:58,12,3,8,0,2,1,3,4,0,13,17,13,17,4,luguentz
2025-03-15,OKC,@,DET,"W, 113-107",26:48,6,1,4,0,0,2,5,7,1,7,15,8,14,8,luguentz
2025-03-23,OKC,@,LAC,"W, 103-101",28:37,6,2,4,0,0,0,4,4,2,10,16,12,14,6,luguentz
2025-03-25,OKC,@,SAC,"W, 121-105",31:33,9,3,6,0,0,1,3,4,1,13,18,14,17,5,luguentz
2025-03-27,OKC,,MEM,"W, 125-104",29:07,8,3,7,0,0,1,0,1,5,9,15,14,10,6,luguentz
2025-03-29,OKC,,IND,"W, 132-111",33:04,11,6,7,0,0,0,5,5,0,22,27,22,27,5,luguentz
2025-03-31,OKC,,CHI,"W, 145-117",25:52,7,3,5,0,0,0,3,3,0,11,14,11,14,3,luguentz
2025-04-02,OKC,,DET,"W, 119-103",33:23,11,4,9,0,0,1,6,7,1,14,22,15,21,8,luguentz
2025-04-04,OKC,@,HOU,"L, 111-125",26:19,6,0,4,0,0,0,4,4,3,2,9,5,6,7,luguentz
2025-04-06,OKC,,LAL,"L, 99-126",27:24,8,3,7,0,0,0,2,2,1,9,12,10,11,3,luguentz
2025-04-08,OKC,,LAL,"W, 136-120",30:52,11,5,8,0,2,1,2,3,2,17,22,19,20,5,luguentz
