Date,Team,Where,Opp,Result,MP,FGA,3P,3PA,FT,FTA,ORB,DRB,TRB,AST,PTS,PAR,PA,PR,AR,name
2024-10-22,NYK,@,BOS,"L, 109-132",24:30,14,1,2,3,3,0,1,1,2,22,25,24,23,3,jalen
2024-10-25,NYK,,IND,"W, 123-98",29:55,19,3,5,3,4,2,3,5,5,26,36,31,31,10,jalen
2024-10-28,NYK,,CLE,"L, 104-110",37:36,24,0,4,5,7,0,3,3,7,21,31,28,24,10,jalen
2024-10-30,NYK,@,MIA,"W, 116-107",36:22,18,3,7,7,8,0,2,2,9,22,33,31,24,11,jalen
2024-11-01,NYK,@,DET,"W, 128-98",30:40,22,6,8,2,4,0,1,1,5,36,42,41,37,6,jalen
2024-11-04,NYK,@,HOU,"L, 97-109",42:25,24,2,4,9,9,1,2,3,8,29,40,37,32,11,jalen
2024-11-06,NYK,@,ATL,"L, 116-121",36:45,18,4,11,1,2,0,3,3,4,21,28,25,24,7,jalen
2024-11-08,NYK,,MIL,"W, 116-94",31:46,14,0,5,3,4,1,1,2,9,15,26,24,17,11,jalen
2024-11-10,NYK,@,IND,"L, 121-132",40:37,17,1,2,10,12,0,6,6,10,33,49,43,39,16,jalen
2024-11-12,NYK,@,PHI,"W, 111-99",34:52,15,0,4,8,8,0,3,3,5,18,26,23,21,8,jalen
2024-11-13,NYK,,CHI,"L, 123-124",34:29,20,3,9,3,5,1,2,3,8,24,35,32,27,11,jalen
2024-11-15,NYK,,BRK,"W, 124-122",34:07,20,3,8,10,12,0,3,3,7,37,47,44,40,10,jalen
2024-11-17,NYK,,BRK,"W, 114-104",34:22,14,0,5,6,8,1,4,5,10,12,27,22,17,15,jalen
2024-11-18,NYK,,WAS,"W, 134-106",30:18,15,5,9,3,3,0,1,1,11,26,38,37,27,12,jalen
2024-11-20,NYK,@,PHO,"W, 138-122",36:42,21,7,11,5,5,1,1,2,10,36,48,46,38,12,jalen
2024-11-23,NYK,@,UTA,"L, 106-121",37:03,19,2,9,5,5,0,2,2,8,23,33,31,25,10,jalen
2024-11-25,NYK,@,DEN,"W, 145-118",37:52,14,4,5,3,3,0,3,3,17,23,43,40,26,20,jalen
2024-11-27,NYK,@,DAL,"L, 114-129",36:22,21,0,3,9,10,0,3,3,7,37,47,44,40,10,jalen
2024-11-29,NYK,@,CHO,"W, 99-98",36:41,18,4,6,9,12,0,6,6,6,31,43,37,37,12,jalen
2024-12-01,NYK,,NOP,"W, 118-85",26:28,11,3,7,5,5,2,0,2,9,16,27,25,18,11,jalen
2024-12-03,NYK,,ORL,"W, 121-106",26:31,15,1,3,4,4,1,1,2,4,21,27,25,23,6,jalen
2024-12-05,NYK,,CHO,"W, 125-101",26:58,8,5,6,7,8,0,1,1,5,24,30,29,25,6,jalen
2024-12-07,NYK,,DET,"L, 111-120",43:48,21,3,7,6,9,0,4,4,10,31,45,41,35,14,jalen
2024-12-09,NYK,@,TOR,"W, 113-108",34:31,13,4,8,2,5,0,4,4,11,20,35,31,24,15,jalen
2024-12-11,NYK,,ATL,"L, 100-108",35:31,15,2,6,2,3,1,3,4,8,14,26,22,18,12,jalen
2024-12-15,NYK,@,ORL,"W, 100-91",38:03,18,4,8,11,14,0,3,3,5,31,39,36,34,8,jalen
2024-12-19,NYK,@,MIN,"W, 133-107",29:45,14,2,5,2,2,1,2,3,7,14,24,21,17,10,jalen
2024-12-21,NYK,@,NOP,"W, 104-93",39:54,19,7,10,6,6,0,1,1,6,39,46,45,40,7,jalen
2024-12-23,NYK,,TOR,"W, 139-125",32:08,13,0,5,4,8,0,1,1,7,12,20,19,13,8,jalen
2024-12-25,NYK,,SAS,"W, 117-114",38:10,23,0,5,6,7,1,6,7,9,20,36,29,27,16,jalen
2024-12-27,NYK,@,ORL,"W, 108-85",36:43,21,0,2,4,6,1,2,3,9,26,38,35,29,12,jalen
2024-12-28,NYK,@,WAS,"W, 136-132 (OT)",44:00,31,3,11,16,17,0,3,3,9,55,67,64,58,12,jalen
2024-12-30,NYK,@,WAS,"W, 126-106",35:53,17,1,6,5,5,0,3,3,6,18,27,24,21,9,jalen
2025-01-03,NYK,@,OKC,"L, 107-117",40:08,23,0,5,4,6,1,2,3,9,22,34,31,25,12,jalen
2025-01-04,NYK,@,CHI,"L, 126-139",32:50,20,1,4,10,11,1,1,2,8,33,43,41,35,10,jalen
2025-01-06,NYK,,ORL,"L, 94-103",35:54,21,0,1,8,10,1,0,1,4,24,29,28,25,5,jalen
2025-01-08,NYK,,TOR,"W, 112-98",34:53,13,1,4,2,4,0,6,6,7,13,26,20,19,13,jalen
2025-01-10,NYK,,OKC,"L, 101-126",33:04,15,1,2,12,12,0,1,1,5,27,33,32,28,6,jalen
2025-01-12,NYK,,MIL,"W, 140-106",28:47,26,5,10,7,8,1,4,5,6,44,55,50,49,11,jalen
2025-01-13,NYK,,DET,"L, 119-124",39:25,24,1,7,6,8,0,4,4,11,31,46,42,35,15,jalen
2025-01-15,NYK,@,PHI,"W, 125-119 (OT)",45:28,22,3,6,7,9,1,4,5,4,38,47,42,43,9,jalen
2025-01-17,NYK,,MIN,"L, 99-116",35:36,23,3,7,5,5,0,1,1,5,26,32,31,27,6,jalen
2025-01-20,NYK,,ATL,"W, 119-110",38:50,18,3,5,7,11,0,1,1,6,34,41,40,35,7,jalen
2025-01-21,NYK,@,BRK,"W, 99-95",38:34,18,1,4,2,4,0,3,3,4,17,24,21,20,7,jalen
2025-01-25,NYK,,SAC,"W, 143-120",35:34,17,4,6,3,3,0,1,1,11,25,37,36,26,12,jalen
2025-01-27,NYK,,MEM,"W, 143-106",25:26,14,4,6,0,2,1,0,1,6,20,27,26,21,7,jalen
2025-01-29,NYK,,DEN,"W, 122-112",36:17,16,3,6,7,7,0,4,4,15,30,49,45,34,19,jalen
2025-02-01,NYK,,LAL,"L, 112-128",40:22,18,0,2,3,7,0,2,2,7,17,26,24,19,9,jalen
2025-02-03,NYK,,HOU,"W, 124-118",36:47,27,1,4,13,14,2,4,6,10,42,58,52,48,16,jalen
2025-02-04,NYK,@,TOR,"W, 121-115",33:57,21,2,7,6,8,0,1,1,5,28,34,33,29,6,jalen
2025-02-08,NYK,,BOS,"L, 104-131",36:04,18,3,7,13,13,0,0,0,5,36,41,41,36,5,jalen
2025-02-11,NYK,@,IND,"W, 128-115",22:44,11,0,1,0,0,0,2,2,7,8,17,15,10,9,jalen
2025-02-12,NYK,,ATL,"W, 149-148 (OT)",42:40,21,3,7,7,10,1,2,3,8,36,47,44,39,11,jalen
2025-02-20,NYK,,CHI,"W, 113-111 (OT)",38:29,21,2,9,4,4,0,3,3,12,22,37,34,25,15,jalen
2025-02-21,NYK,@,CLE,"L, 105-142",27:36,17,2,4,4,4,0,4,4,4,26,34,30,30,8,jalen
2025-02-23,NYK,@,BOS,"L, 105-118",37:32,19,4,9,0,0,0,3,3,4,22,29,26,25,7,jalen
2025-02-26,NYK,,PHI,"W, 110-105",36:29,17,3,5,15,16,0,3,3,7,34,44,41,37,10,jalen
2025-02-28,NYK,@,MEM,"W, 114-113",36:16,23,2,6,1,1,1,6,7,6,23,36,29,30,13,jalen
2025-03-02,NYK,@,MIA,"W, 116-112 (OT)",42:24,25,3,11,2,4,1,4,5,6,31,42,37,36,11,jalen
2025-03-04,NYK,,GSW,"L, 102-114",37:17,18,1,7,6,7,0,2,2,7,25,34,32,27,9,jalen
2025-03-06,NYK,@,LAL,"L, 109-113 (OT)",41:11,26,1,7,12,13,0,4,4,10,39,53,49,43,14,jalen
2025-04-06,NYK,,PHO,"W, 112-98",34:27,9,1,4,8,10,0,2,2,6,15,23,21,17,8,jalen
2025-04-08,NYK,,BOS,"L, 117-119 (OT)",38:26,21,5,12,2,2,0,1,1,10,27,38,37,28,11,jalen
2025-04-10,NYK,@,DET,"L, 106-115",29:17,15,3,9,2,5,2,0,2,5,15,22,20,17,7,jalen
2025-04-11,NYK,,CLE,"L, 102-108",36:17,17,3,7,6,7,0,1,1,2,27,30,29,28,3,jalen
