Date,Team,Where,Opp,Result,MP,FGA,3P,3PA,FT,FTA,ORB,DRB,TRB,AST,PTS,PAR,PA,PR,AR,name
2024-10-23,CLE,@,TOR,"W, 136-106",16:04,4,1,3,2,2,0,0,0,1,7,8,8,7,1,sam
2024-10-25,CLE,,DET,"W, 113-101",15:48,4,0,4,0,0,0,1,1,2,0,3,2,1,3,sam
2024-10-26,CLE,@,WAS,"W, 135-116",19:35,8,3,7,2,2,1,1,2,1,11,14,12,13,3,sam
2024-10-28,CLE,@,NYK,"W, 110-104",21:50,5,2,5,0,0,0,2,2,2,6,10,8,8,4,sam
2024-10-30,CLE,,LAL,"W, 134-110",21:16,4,1,4,0,0,0,0,0,3,3,6,6,3,3,sam
2024-11-01,CLE,,ORL,"W, 120-109",20:04,3,2,3,0,0,0,2,2,1,6,9,7,8,3,sam
2024-11-02,CLE,@,MIL,"W, 114-113",22:05,10,5,9,0,0,0,1,1,1,17,19,18,18,2,sam
2024-11-04,CLE,,MIL,"W, 116-114",27:18,10,2,6,0,0,0,5,5,2,12,19,14,17,7,sam
2024-11-06,CLE,@,NOP,"W, 131-122",19:12,6,3,6,0,0,1,1,2,0,9,11,9,11,2,sam
2024-11-08,CLE,,GSW,"W, 136-117",14:36,4,1,4,2,2,0,2,2,1,5,8,6,7,3,sam
2024-11-09,CLE,,BRK,"W, 105-100",20:00,4,2,4,0,0,0,2,2,2,6,10,8,8,4,sam
2024-11-11,CLE,@,CHI,"W, 119-113",18:16,5,0,5,0,0,0,1,1,3,0,4,3,1,4,sam
2024-11-19,CLE,@,BOS,"L, 117-120",19:02,3,2,3,0,0,0,1,1,1,6,8,7,7,2,sam
2024-11-24,CLE,,TOR,"W, 122-108",19:46,6,1,4,0,0,1,3,4,3,3,10,6,7,7,sam
2024-11-27,CLE,,ATL,"L, 124-135",16:54,8,2,6,0,0,1,1,2,0,10,12,10,12,2,sam
2024-11-29,CLE,@,ATL,"L, 101-117",19:54,7,2,7,1,2,0,0,0,1,7,8,8,7,1,sam
2024-12-01,CLE,,BOS,"W, 115-111",20:40,5,1,5,0,0,0,1,1,2,3,6,5,4,3,sam
2024-12-03,CLE,,WAS,"W, 118-87",23:04,10,4,9,0,0,1,2,3,6,14,23,20,17,9,sam
2024-12-05,CLE,,DEN,"W, 126-114",20:33,8,2,7,0,0,0,5,5,2,8,15,10,13,7,sam
2024-12-07,CLE,@,CHO,"W, 116-102",20:14,6,0,3,2,2,1,0,1,0,6,7,6,7,1,sam
2024-12-08,CLE,@,MIA,"L, 113-122",20:41,6,2,5,2,2,0,0,0,2,10,12,12,10,2,sam
2024-12-13,CLE,,WAS,"W, 115-105",24:03,10,3,9,0,0,2,4,6,2,9,17,11,15,8,sam
2024-12-16,CLE,@,BRK,"W, 130-101",24:05,8,1,8,4,4,0,0,0,3,7,10,10,7,3,sam
2024-12-20,CLE,,MIL,"W, 124-101",19:09,6,1,5,0,0,0,3,3,1,5,9,6,8,4,sam
2024-12-21,CLE,,PHI,"W, 126-99",08:24,2,0,2,0,0,1,0,1,0,0,1,0,1,1,sam
2024-12-23,CLE,,UTA,"W, 124-113",23:58,12,6,11,2,2,1,0,1,4,20,25,24,21,5,sam
2024-12-27,CLE,@,DEN,"W, 149-135",18:40,4,3,4,0,0,0,3,3,0,9,12,9,12,3,sam
2024-12-30,CLE,@,GSW,"W, 113-95",13:45,4,1,2,0,0,1,1,2,0,5,7,5,7,2,sam
2024-12-31,CLE,@,LAL,"W, 122-110",07:34,1,0,1,0,0,0,0,0,1,0,1,1,0,1,sam
2025-01-09,CLE,,TOR,"W, 132-126",12:34,4,0,2,0,0,0,0,0,0,2,2,2,2,0,sam
2025-01-12,CLE,,IND,"L, 93-108",11:47,5,1,5,0,0,0,2,2,5,3,10,8,5,7,sam
2025-01-14,CLE,@,IND,"W, 127-117",12:09,5,1,5,0,0,1,0,1,0,3,4,3,4,1,sam
2025-01-16,CLE,@,OKC,"L, 114-134",12:00,6,3,6,0,0,0,2,2,3,9,14,12,11,5,sam
2025-01-18,CLE,@,MIN,"W, 124-117",06:39,2,0,2,0,0,0,1,1,0,0,1,0,1,1,sam
2025-01-20,CLE,,PHO,"W, 118-92",21:49,9,2,6,2,2,1,1,2,1,10,13,11,12,3,sam
2025-01-22,CLE,@,HOU,"L, 108-109",22:52,9,1,6,0,0,3,2,5,3,7,15,10,12,8,sam
2025-01-24,CLE,@,PHI,"L, 129-132",18:35,6,2,6,3,3,1,1,2,2,9,13,11,11,4,sam
2025-01-25,CLE,,HOU,"L, 131-135",17:26,3,1,3,0,0,1,1,2,2,3,7,5,5,4,sam
2025-01-27,CLE,,DET,"W, 110-91",22:49,6,2,5,0,0,0,4,4,0,8,12,8,12,4,sam
2025-01-30,CLE,,ATL,"W, 137-115",23:43,6,0,4,0,0,2,1,3,4,4,11,8,7,7,sam
2025-02-02,CLE,,DAL,"W, 144-101",22:48,14,9,13,0,0,0,1,1,0,27,28,27,28,1,sam
2025-02-04,CLE,,BOS,"L, 105-112",23:39,5,3,5,3,3,1,1,2,1,12,15,13,14,3,sam
2025-02-05,CLE,@,DET,"W, 118-115",27:00,4,2,4,0,0,0,2,2,0,6,8,6,8,2,sam
2025-02-10,CLE,,MIN,"W, 128-107",28:47,8,3,8,0,0,1,5,6,0,9,15,9,15,6,sam
2025-02-12,CLE,@,TOR,"W, 131-108",26:07,13,4,10,0,0,0,2,2,0,16,18,16,18,2,sam
2025-02-20,CLE,@,BRK,"W, 110-97",25:08,6,0,5,0,0,0,1,1,0,2,3,2,3,1,sam
2025-02-21,CLE,,NYK,"W, 142-105",17:19,4,1,3,0,0,1,3,4,4,5,13,9,9,8,sam
2025-02-23,CLE,,MEM,"W, 129-123",17:59,4,1,4,0,0,1,0,1,1,3,5,4,4,2,sam
2025-02-25,CLE,@,ORL,"W, 122-82",18:47,4,1,4,2,2,0,2,2,1,5,8,6,7,3,sam
2025-02-28,CLE,@,BOS,"W, 123-116",17:44,1,1,1,0,0,2,1,3,0,3,6,3,6,3,sam
2025-03-02,CLE,,POR,"W, 133-129 (OT)",20:49,7,3,7,0,0,1,1,2,1,9,12,10,11,3,sam
2025-03-04,CLE,@,CHI,"W, 139-117",15:07,6,3,5,0,0,0,2,2,0,11,13,11,13,2,sam
2025-03-05,CLE,,MIA,"W, 112-107",15:55,3,1,2,0,0,0,2,2,0,3,5,3,5,2,sam
2025-03-07,CLE,@,CHO,"W, 118-117",19:06,4,4,4,0,0,0,1,1,0,12,13,12,13,1,sam
2025-03-09,CLE,@,MIL,"W, 112-100",19:56,6,3,5,0,0,0,2,2,1,9,12,10,11,3,sam
2025-03-11,CLE,,BRK,"W, 109-104",26:45,7,1,6,1,1,0,6,6,0,6,12,6,12,6,sam
2025-03-14,CLE,@,MEM,"W, 133-124",21:55,7,4,5,0,0,1,0,1,2,14,17,16,15,3,sam
2025-03-16,CLE,,ORL,"L, 103-108",18:49,8,1,7,0,0,0,1,1,2,5,8,7,6,3,sam
2025-03-18,CLE,@,LAC,"L, 119-132",13:52,3,1,3,0,0,1,0,1,0,3,4,3,4,1,sam
2025-03-19,CLE,@,SAC,"L, 119-123",12:25,0,0,0,0,0,1,0,1,4,0,5,4,1,5,sam
2025-03-21,CLE,@,PHO,"L, 112-123",17:46,7,0,4,0,0,2,5,7,0,4,11,4,11,7,sam
2025-03-23,CLE,@,UTA,"W, 120-91",24:50,9,2,9,0,0,2,3,5,5,6,16,11,11,10,sam
2025-03-25,CLE,@,POR,"W, 122-111",29:38,7,4,6,0,0,0,2,2,3,14,19,17,16,5,sam
2025-03-27,CLE,,SAS,"W, 124-116",24:14,13,3,9,0,0,0,2,2,2,13,17,15,15,4,sam
2025-03-28,CLE,@,DET,"L, 122-133",20:26,5,2,5,0,0,1,3,4,0,6,10,6,10,4,sam
2025-03-30,CLE,,LAC,"W, 127-122",22:17,7,2,7,0,0,1,3,4,2,6,12,8,10,6,sam
2025-04-02,CLE,,NYK,"W, 124-105",22:32,4,1,3,0,0,1,3,4,3,5,12,8,9,7,sam
2025-04-04,CLE,@,SAS,"W, 114-113",24:06,7,3,7,0,0,0,2,2,2,9,13,11,11,4,sam
2025-04-06,CLE,,SAC,"L, 113-120",16:04,3,0,3,0,0,1,1,2,0,0,2,0,2,2,sam
2025-04-08,CLE,,CHI,"W, 135-113",21:34,5,3,5,0,0,0,2,2,3,9,14,12,11,5,sam
2025-04-10,CLE,@,IND,"L, 112-114",28:57,9,5,8,0,0,0,3,3,4,15,22,19,18,7,sam
