Date,Team,Where,Opp,Result,MP,FGA,3P,3PA,FT,FTA,ORB,DRB,TRB,AST,PTS,PAR,PA,PR,AR,name
2024-10-23,GSW,@,POR,"W, 140-104",24:56,5,0,4,0,0,4,3,7,4,0,11,4,7,11,brandin
2024-10-25,GSW,@,UTA,"W, 127-86",24:38,14,1,5,0,0,1,4,5,1,15,21,16,20,6,brandin
2024-10-27,GSW,,LAC,"L, 104-112",24:42,8,0,5,0,0,1,4,5,4,4,13,8,9,9,brandin
2024-10-29,GSW,,NOP,"W, 124-106",33:32,18,3,8,0,0,1,2,3,5,19,27,24,22,8,brandin
2024-10-30,GSW,,NOP,"W, 104-89",38:06,15,2,7,1,2,2,6,8,7,13,28,20,21,15,brandin
2024-11-02,GSW,@,HOU,"W, 127-121 (OT)",37:44,11,0,3,2,4,0,5,5,6,12,23,18,17,11,brandin
2024-11-04,GSW,@,WAS,"W, 125-112",13:06,3,0,1,0,0,0,4,4,1,2,7,3,6,5,brandin
2024-11-08,GSW,@,CLE,"L, 117-136",26:30,12,1,6,1,2,2,5,7,4,14,25,18,21,11,brandin
2024-11-10,GSW,@,OKC,"W, 127-116",15:05,2,0,1,0,0,0,1,1,1,0,2,1,1,2,brandin
2024-11-12,GSW,,DAL,"W, 120-117",16:41,2,1,1,0,0,0,1,1,1,3,5,4,4,2,brandin
2024-11-15,GSW,,MEM,"W, 123-118",27:45,6,1,4,4,4,0,7,7,5,11,23,16,18,12,brandin
2024-11-18,GSW,@,LAC,"L, 99-102",15:37,4,0,2,1,3,2,3,5,2,1,8,3,6,7,brandin
2024-11-20,GSW,,ATL,"W, 120-97",15:17,6,1,1,0,0,1,1,2,2,3,7,5,5,4,brandin
2024-11-22,GSW,@,NOP,"W, 112-108",20:52,11,0,5,1,1,2,3,5,3,11,19,14,16,8,brandin
2024-11-23,GSW,@,SAS,"L, 94-104",15:34,3,0,1,0,0,0,3,3,2,0,5,2,3,5,brandin
2024-11-25,GSW,,BRK,"L, 120-128",22:38,5,1,3,2,2,1,0,1,6,7,14,13,8,7,brandin
2024-11-27,GSW,,OKC,"L, 101-105",29:36,10,1,4,3,3,2,6,8,5,12,25,17,20,13,brandin
2024-11-30,GSW,@,PHO,"L, 105-113",33:01,8,2,4,2,2,0,7,7,4,12,23,16,19,11,brandin
2024-12-03,GSW,@,DEN,"L, 115-119",24:32,11,0,3,1,1,1,3,4,4,13,21,17,17,8,brandin
2024-12-05,GSW,,HOU,"W, 99-93",36:43,9,1,3,3,4,1,10,11,3,8,22,11,19,14,brandin
2024-12-06,GSW,,MIN,"L, 90-107",24:49,7,2,5,0,0,0,6,6,2,8,16,10,14,8,brandin
2024-12-08,GSW,,MIN,"W, 114-106",20:08,5,2,4,0,0,2,1,3,3,6,12,9,9,6,brandin
2024-12-11,GSW,@,HOU,"L, 90-91",30:30,9,2,5,0,0,1,1,2,4,8,14,12,10,6,brandin
2024-12-15,GSW,,DAL,"L, 133-143",15:50,5,1,3,0,0,0,1,1,2,3,6,5,4,3,brandin
2024-12-19,GSW,@,MEM,"L, 93-144",25:18,13,2,5,1,2,2,2,4,6,21,31,27,25,10,brandin
2024-12-21,GSW,@,MIN,"W, 113-103",19:31,9,2,3,0,0,2,5,7,1,12,20,13,19,8,brandin
2024-12-23,GSW,,IND,"L, 105-111",26:21,4,1,1,0,0,2,4,6,2,5,13,7,11,8,brandin
2024-12-25,GSW,,LAL,"L, 113-115",24:09,5,2,3,0,0,0,3,3,1,6,10,7,9,4,brandin
2024-12-27,GSW,@,LAC,"L, 92-102",30:33,9,2,5,0,0,0,2,2,5,10,17,15,12,7,brandin
2024-12-28,GSW,,PHO,"W, 109-105",11:22,1,0,0,0,0,1,1,2,0,0,2,0,2,2,brandin
2025-01-23,GSW,,CHI,"W, 131-106",21:14,6,2,4,0,0,1,3,4,2,10,16,12,14,6,brandin
2025-01-25,GSW,,LAL,"L, 108-118",24:19,10,3,6,2,2,1,2,3,5,17,25,22,20,8,brandin
2025-01-28,GSW,,UTA,"W, 114-103",32:27,12,4,11,6,6,0,7,7,6,20,33,26,27,13,brandin
2025-01-29,GSW,,OKC,"W, 116-109",18:08,6,1,3,2,2,1,3,4,3,11,18,14,15,7,brandin
2025-01-31,GSW,,PHO,"L, 105-130",21:39,9,4,7,0,0,0,3,3,3,14,20,17,17,6,brandin
2025-02-03,GSW,,ORL,"W, 104-99",21:19,6,2,4,0,0,1,4,5,2,8,15,10,13,7,brandin
2025-02-05,GSW,@,UTA,"L, 128-131",39:44,18,3,10,10,13,1,5,6,4,29,39,33,35,10,brandin
2025-02-06,GSW,@,LAL,"L, 112-120",34:27,10,0,3,2,6,2,6,8,7,8,23,15,16,15,brandin
2025-02-08,GSW,@,CHI,"W, 132-111",29:05,11,2,5,0,0,1,4,5,7,16,28,23,21,12,brandin
2025-02-10,GSW,@,MIL,"W, 125-111",32:08,10,1,5,2,4,2,7,9,3,9,21,12,18,12,brandin
2025-02-12,GSW,@,DAL,"L, 107-111",24:25,9,0,2,0,0,1,1,2,5,8,15,13,10,7,brandin
2025-02-13,GSW,@,HOU,"W, 105-98",39:26,17,2,7,2,2,0,5,5,4,18,27,22,23,9,brandin
2025-02-21,GSW,@,SAC,"W, 132-108",30:07,20,2,9,1,1,0,3,3,5,21,29,26,24,8,brandin
2025-02-23,GSW,,DAL,"W, 126-102",29:44,15,3,5,0,0,3,10,13,2,17,32,19,30,15,brandin
2025-02-25,GSW,,CHO,"W, 128-92",24:35,6,0,1,2,2,0,5,5,2,10,17,12,15,7,brandin
2025-02-27,GSW,@,ORL,"W, 121-115",32:09,12,2,6,0,0,0,4,4,7,8,19,15,12,11,brandin
2025-03-01,GSW,@,PHI,"L, 119-126",25:04,8,0,3,1,1,2,4,6,2,5,13,7,11,8,brandin
2025-03-03,GSW,@,CHO,"W, 119-101",31:49,16,4,11,3,4,4,7,11,2,19,32,21,30,13,brandin
2025-03-04,GSW,@,NYK,"W, 114-102",31:53,16,2,6,1,1,1,4,5,4,19,28,23,24,9,brandin
2025-03-06,GSW,@,BRK,"W, 121-119",00:44,0,0,0,0,0,0,0,0,0,0,0,0,0,0,brandin
2025-03-18,GSW,,MIL,"W, 104-93",29:03,10,4,7,1,2,1,6,7,1,17,25,18,24,8,brandin
2025-03-20,GSW,,TOR,"W, 117-114",34:51,14,3,7,0,0,1,2,3,1,15,19,16,18,4,brandin
2025-03-22,GSW,@,ATL,"L, 115-124",36:11,14,5,8,2,2,1,7,8,4,19,31,23,27,12,brandin
2025-03-25,GSW,@,MIA,"L, 86-112",30:18,16,2,6,0,1,1,2,3,4,14,21,18,17,7,brandin
2025-03-28,GSW,@,NOP,"W, 111-95",31:26,11,1,7,1,2,0,6,6,2,10,18,12,16,8,brandin
2025-03-30,GSW,@,SAS,"W, 148-106",26:55,14,7,9,2,2,1,5,6,5,27,38,32,33,11,brandin
2025-04-01,GSW,@,MEM,"W, 134-125",28:08,11,0,4,0,0,1,4,5,1,8,14,9,13,6,brandin
2025-04-03,GSW,@,LAL,"W, 123-116",35:34,17,8,10,0,0,3,5,8,6,28,42,34,36,14,brandin
2025-04-04,GSW,,DEN,"W, 118-104",35:32,16,4,8,2,2,0,8,8,6,26,40,32,34,14,brandin
2025-04-06,GSW,,HOU,"L, 96-106",30:31,14,4,9,1,1,0,6,6,4,19,29,23,25,10,brandin
2025-04-08,GSW,@,PHO,"W, 133-95",22:23,12,4,6,4,4,1,4,5,3,22,30,25,27,8,brandin
2025-04-09,GSW,,SAS,"L, 111-114",33:14,11,1,5,0,0,1,2,3,5,7,15,12,10,8,brandin
2025-04-11,GSW,@,POR,"W, 103-86",29:41,11,2,6,0,0,1,6,7,3,10,20,13,17,10,brandin
2025-04-13,GSW,,LAC,"L, 119-124 (OT)",43:04,11,2,4,3,5,1,6,7,4,19,30,23,26,11,brandin
