Date,Team,Where,Opp,Result,MP,FGA,3P,3PA,FT,FTA,ORB,DRB,TRB,AST,PTS,PAR,PA,PR,AR,name
2024-10-23,GSW,@,POR,"W, 140-104",25:04,10,3,7,6,6,0,9,9,10,17,36,27,26,19,curry
2024-10-25,GSW,@,UTA,"W, 127-86",27:25,20,4,13,2,2,0,3,3,4,20,27,24,23,7,curry
2024-10-27,GSW,,LAC,"L, 104-112",26:42,11,4,7,2,2,0,4,4,6,18,28,24,22,10,curry
2024-11-04,GSW,@,WAS,"W, 125-112",24:05,15,4,9,6,6,1,2,3,6,24,33,30,27,9,curry
2024-11-06,GSW,@,BOS,"W, 118-112",34:23,17,4,9,7,7,0,7,7,9,27,43,36,34,16,curry
2024-11-08,GSW,@,CLE,"L, 117-136",23:46,10,1,4,1,1,0,1,1,2,12,15,14,13,3,curry
2024-11-10,GSW,@,OKC,"W, 127-116",36:30,23,7,13,3,4,1,4,5,7,36,48,43,41,12,curry
2024-11-12,GSW,,DAL,"W, 120-117",34:52,27,5,12,4,5,0,6,6,9,37,52,46,43,15,curry
2024-11-15,GSW,,MEM,"W, 123-118",26:01,9,3,7,2,2,1,7,8,5,13,26,18,21,13,curry
2024-11-18,GSW,@,LAC,"L, 99-102",32:23,21,6,15,0,0,1,6,7,6,26,39,32,33,13,curry
2024-11-20,GSW,,ATL,"W, 120-97",30:12,10,4,6,5,5,0,4,4,8,23,35,31,27,12,curry
2024-11-22,GSW,@,NOP,"W, 112-108",33:08,13,4,7,3,3,0,7,7,7,19,33,26,26,14,curry
2024-11-23,GSW,@,SAS,"L, 94-104",32:00,16,3,10,1,1,2,5,7,5,14,26,19,21,12,curry
2024-11-25,GSW,,BRK,"L, 120-128",29:28,17,8,16,4,4,0,4,4,7,28,39,35,32,11,curry
2024-11-30,GSW,@,PHO,"L, 105-113",32:24,21,3,10,4,5,1,6,7,4,23,34,27,30,11,curry
2024-12-03,GSW,@,DEN,"L, 115-119",34:18,23,4,15,4,4,1,6,7,11,24,42,35,31,18,curry
2024-12-06,GSW,,MIN,"L, 90-107",32:08,17,3,9,8,8,1,1,2,4,23,29,27,25,6,curry
2024-12-08,GSW,,MIN,"W, 114-106",34:36,18,5,11,9,11,0,4,4,8,30,42,38,34,12,curry
2024-12-11,GSW,@,HOU,"L, 90-91",33:40,17,3,9,0,1,1,2,3,5,19,27,24,22,8,curry
2024-12-15,GSW,,DAL,"L, 133-143",35:26,19,7,13,1,1,0,5,5,10,26,41,36,31,15,curry
2024-12-19,GSW,@,MEM,"L, 93-144",24:22,7,0,6,2,2,0,3,3,1,2,6,3,5,4,curry
2024-12-21,GSW,@,MIN,"W, 113-103",34:13,21,7,16,4,5,0,3,3,10,31,44,41,34,13,curry
2024-12-23,GSW,,IND,"L, 105-111",35:25,13,2,9,4,4,0,5,5,7,10,22,17,15,12,curry
2024-12-25,GSW,,LAL,"L, 113-115",35:37,24,8,15,2,2,0,1,1,6,38,45,44,39,7,curry
2024-12-28,GSW,,PHO,"W, 109-105",35:03,22,4,13,0,0,2,4,6,6,22,34,28,28,12,curry
2024-12-30,GSW,,CLE,"L, 95-113",29:05,14,3,11,0,0,0,2,2,3,11,16,14,13,5,curry
2025-01-02,GSW,,PHI,"W, 139-105",29:49,15,8,8,0,0,1,5,6,10,30,46,40,36,16,curry
2025-01-05,GSW,,SAC,"L, 99-129",29:42,12,4,8,6,6,0,7,7,0,26,33,26,33,7,curry
2025-01-07,GSW,,MIA,"L, 98-114",33:24,22,8,17,1,1,0,7,7,0,31,38,31,38,7,curry
2025-01-09,GSW,@,DET,"W, 107-104",36:08,21,2,14,5,5,1,8,9,6,17,32,23,26,15,curry
2025-01-13,GSW,@,TOR,"L, 101-104",35:00,17,4,10,4,4,1,6,7,7,26,40,33,33,14,curry
2025-01-15,GSW,@,MIN,"W, 116-115",37:20,21,7,12,4,4,1,0,1,8,31,40,39,32,9,curry
2025-01-18,GSW,,WAS,"W, 122-114",34:14,22,4,14,2,2,1,4,5,6,26,37,32,31,11,curry
2025-01-20,GSW,,BOS,"L, 85-125",27:27,16,4,12,2,2,0,3,3,4,18,25,22,21,7,curry
2025-01-22,GSW,@,SAC,"L, 117-123",33:50,11,1,4,1,1,1,2,3,12,14,29,26,17,15,curry
2025-01-23,GSW,,CHI,"W, 131-106",30:47,19,5,12,0,0,1,3,4,7,21,32,28,25,11,curry
2025-01-25,GSW,,LAL,"L, 108-118",32:09,17,2,9,3,4,0,1,1,9,13,23,22,14,10,curry
2025-01-29,GSW,,OKC,"W, 116-109",33:17,15,5,10,4,4,0,1,1,4,21,26,25,22,5,curry
2025-01-31,GSW,,PHO,"L, 105-130",31:13,14,1,6,3,3,1,2,3,3,14,20,17,17,6,curry
2025-02-03,GSW,,ORL,"W, 104-99",34:18,21,2,12,8,8,0,1,1,5,24,30,29,25,6,curry
2025-02-05,GSW,@,UTA,"L, 128-131",34:44,31,6,18,2,2,0,1,1,7,32,40,39,33,8,curry
2025-02-06,GSW,@,LAL,"L, 112-120",37:05,35,6,20,5,5,2,5,7,4,37,48,41,44,11,curry
2025-02-08,GSW,@,CHI,"W, 132-111",33:56,19,8,16,6,8,2,2,4,6,34,44,40,38,10,curry
2025-02-10,GSW,@,MIL,"W, 125-111",33:59,24,6,16,8,9,0,6,6,4,38,48,42,44,10,curry
2025-02-12,GSW,@,DAL,"L, 107-111",37:10,23,4,13,3,4,1,4,5,8,25,38,33,30,13,curry
2025-02-13,GSW,@,HOU,"W, 105-98",35:17,17,5,13,8,9,1,4,5,3,27,35,30,32,8,curry
2025-02-21,GSW,@,SAC,"W, 132-108",30:45,13,4,9,2,2,0,1,1,6,20,27,26,21,7,curry
2025-02-23,GSW,,DAL,"W, 126-102",28:34,20,3,8,3,3,0,4,4,7,30,41,37,34,11,curry
2025-02-25,GSW,,CHO,"W, 128-92",23:39,14,2,9,1,1,0,4,4,6,15,25,21,19,10,curry
2025-02-27,GSW,@,ORL,"W, 121-115",34:18,25,12,19,12,12,0,4,4,3,56,63,59,60,7,curry
2025-03-01,GSW,@,PHI,"L, 119-126",36:27,18,5,12,4,4,1,4,5,13,29,47,42,34,18,curry
2025-03-03,GSW,@,CHO,"W, 119-101",30:15,14,3,9,6,8,1,2,3,10,21,34,31,24,13,curry
2025-03-04,GSW,@,NYK,"W, 114-102",33:06,21,5,9,3,3,0,7,7,9,28,44,37,35,16,curry
2025-03-06,GSW,@,BRK,"W, 121-119",35:36,20,7,13,9,9,2,2,4,4,40,48,44,44,8,curry
2025-03-08,GSW,,DET,"W, 115-110",33:27,22,4,15,12,12,1,2,3,4,32,39,36,35,7,curry
2025-03-10,GSW,,POR,"W, 130-120",34:01,14,5,11,7,7,1,1,2,3,24,29,27,26,5,curry
2025-03-13,GSW,,SAC,"W, 130-104",30:16,9,2,6,1,1,0,2,2,5,11,18,16,13,7,curry
2025-03-15,GSW,,NYK,"W, 97-94",35:00,20,4,13,8,9,0,7,7,5,28,40,33,35,12,curry
2025-03-17,GSW,,DEN,"L, 105-114",35:44,21,4,14,4,4,0,4,4,7,20,31,27,24,11,curry
2025-03-20,GSW,,TOR,"W, 117-114",25:01,8,2,4,3,5,0,2,2,1,17,20,18,19,3,curry
2025-03-28,GSW,@,NOP,"W, 111-95",33:54,21,5,16,4,5,0,4,4,6,23,33,29,27,10,curry
2025-03-30,GSW,@,SAS,"W, 148-106",25:48,10,2,4,3,3,0,3,3,6,13,22,19,16,9,curry
2025-04-01,GSW,@,MEM,"W, 134-125",36:31,31,12,20,8,8,1,9,10,8,52,70,60,62,18,curry
2025-04-03,GSW,@,LAL,"W, 123-116",34:16,21,4,11,13,14,1,2,3,6,37,46,43,40,9,curry
2025-04-04,GSW,,DEN,"W, 118-104",32:11,24,7,15,3,3,1,1,2,5,36,43,41,38,7,curry
2025-04-06,GSW,,HOU,"L, 96-106",32:40,10,1,8,0,0,0,2,2,8,3,13,11,5,10,curry
2025-04-08,GSW,@,PHO,"W, 133-95",25:55,17,3,9,4,4,1,8,9,6,25,40,31,34,15,curry
2025-04-09,GSW,,SAS,"L, 111-114",36:35,24,5,14,1,1,2,6,8,3,30,41,33,38,11,curry
2025-04-11,GSW,@,POR,"W, 103-86",27:20,14,2,8,0,0,1,4,5,5,14,24,19,19,10,curry
2025-04-13,GSW,,LAC,"L, 119-124 (OT)",38:00,20,7,12,9,9,1,2,3,6,36,45,42,39,9,curry
