Date,Team,Where,Opp,Result,MP,FGA,3P,3PA,FT,FTA,ORB,DRB,TRB,AST,PTS,PAR,PA,PR,AR,name
2024-10-23,GSW,@,POR,"W, 140-104",20:26,3,1,1,1,2,0,6,6,3,8,17,11,14,9,draymond
2024-10-25,GSW,@,UTA,"W, 127-86",19:51,4,1,2,0,0,0,2,2,4,3,9,7,5,6,draymond
2024-10-27,GSW,,LAC,"L, 104-112",26:49,2,0,1,2,2,0,5,5,2,2,9,4,7,7,draymond
2024-10-29,GSW,,NOP,"W, 124-106",28:30,4,1,3,0,0,1,2,3,7,3,13,10,6,10,draymond
2024-10-30,GSW,,NOP,"W, 104-89",30:07,11,3,5,1,1,1,3,4,6,14,24,20,18,10,draymond
2024-11-02,GSW,@,HOU,"W, 127-121 (OT)",35:29,8,1,3,5,9,4,7,11,3,14,28,17,25,14,draymond
2024-11-04,GSW,@,WAS,"W, 125-112",28:53,7,3,4,5,7,1,7,8,5,18,31,23,26,13,draymond
2024-11-06,GSW,@,BOS,"W, 118-112",30:19,8,0,4,5,6,2,4,6,4,9,19,13,15,10,draymond
2024-11-08,GSW,@,CLE,"L, 117-136",20:32,7,2,5,0,0,0,2,2,6,6,14,12,8,8,draymond
2024-11-10,GSW,@,OKC,"W, 127-116",30:51,5,2,3,0,0,0,4,4,11,8,23,19,12,15,draymond
2024-11-12,GSW,,DAL,"W, 120-117",31:42,6,2,4,3,4,0,7,7,6,11,24,17,18,13,draymond
2024-11-15,GSW,,MEM,"W, 123-118",30:15,11,3,7,0,0,0,8,8,7,13,28,20,21,15,draymond
2024-11-18,GSW,@,LAC,"L, 99-102",32:18,7,2,3,1,2,1,8,9,7,9,25,16,18,16,draymond
2024-11-20,GSW,,ATL,"W, 120-97",27:38,8,0,4,1,2,0,7,7,9,9,25,18,16,16,draymond
2024-11-22,GSW,@,NOP,"W, 112-108",29:48,6,3,4,2,6,3,5,8,5,11,24,16,19,13,draymond
2024-11-23,GSW,@,SAS,"L, 94-104",26:41,5,0,3,1,2,2,5,7,8,1,16,9,8,15,draymond
2024-11-25,GSW,,BRK,"L, 120-128",28:55,6,1,3,1,4,0,6,6,7,6,19,13,12,13,draymond
2024-11-27,GSW,,OKC,"L, 101-105",32:12,11,2,8,0,0,3,11,14,6,10,30,16,24,20,draymond
2024-11-30,GSW,@,PHO,"L, 105-113",30:35,8,2,5,1,1,0,2,2,7,13,22,20,15,9,draymond
2024-12-06,GSW,,MIN,"L, 90-107",26:29,8,1,4,1,1,1,8,9,6,10,25,16,19,15,draymond
2024-12-08,GSW,,MIN,"W, 114-106",30:33,5,0,1,0,0,0,6,6,7,6,19,13,12,13,draymond
2024-12-11,GSW,@,HOU,"L, 90-91",29:57,9,0,2,0,0,0,3,3,4,8,15,12,11,7,draymond
2024-12-15,GSW,,DAL,"L, 133-143",29:26,14,5,9,4,4,3,4,7,4,21,32,25,28,11,draymond
2024-12-19,GSW,@,MEM,"L, 93-144",19:04,4,0,1,0,0,0,0,0,0,0,0,0,0,0,draymond
2024-12-23,GSW,,IND,"L, 105-111",25:55,5,1,5,1,4,0,7,7,5,4,16,9,11,12,draymond
2024-12-25,GSW,,LAL,"L, 113-115",34:04,6,1,5,0,0,4,6,10,6,3,19,9,13,16,draymond
2024-12-28,GSW,,PHO,"W, 109-105",34:49,9,3,5,1,1,1,7,8,7,16,31,23,24,15,draymond
2024-12-30,GSW,,CLE,"L, 95-113",25:04,10,0,2,0,2,3,5,8,5,2,15,7,10,13,draymond
2025-01-02,GSW,,PHI,"W, 139-105",30:35,10,1,5,2,2,0,6,6,7,15,28,22,21,13,draymond
2025-01-04,GSW,,MEM,"W, 121-113",30:36,7,3,6,0,0,1,1,2,3,9,14,12,11,5,draymond
2025-01-05,GSW,,SAC,"L, 99-129",25:14,8,2,4,0,0,1,3,4,4,10,18,14,14,8,draymond
2025-01-07,GSW,,MIA,"L, 98-114",26:53,9,0,3,1,1,1,9,10,10,7,27,17,17,20,draymond
2025-01-09,GSW,@,DET,"W, 107-104",32:04,9,0,3,1,2,2,3,5,4,7,16,11,12,9,draymond
2025-01-18,GSW,,WAS,"W, 122-114",03:00,1,0,0,0,0,0,1,1,0,0,1,0,1,1,draymond
2025-02-03,GSW,,ORL,"W, 104-99",28:56,4,0,2,0,2,0,7,7,5,4,16,9,11,12,draymond
2025-02-05,GSW,@,UTA,"L, 128-131",34:15,7,0,4,3,4,0,4,4,9,7,20,16,11,13,draymond
2025-02-06,GSW,@,LAL,"L, 112-120",32:52,7,2,2,1,3,0,5,5,4,13,22,17,18,9,draymond
2025-02-08,GSW,@,CHI,"W, 132-111",32:16,2,0,1,4,4,2,2,4,7,6,17,13,10,11,draymond
2025-02-10,GSW,@,MIL,"W, 125-111",32:11,7,0,3,2,4,1,2,3,5,6,14,11,9,8,draymond
2025-02-12,GSW,@,DAL,"L, 107-111",31:38,10,0,1,3,3,2,3,5,5,13,23,18,18,10,draymond
2025-02-13,GSW,@,HOU,"W, 105-98",29:56,8,1,3,2,2,1,3,4,8,13,25,21,17,12,draymond
2025-02-21,GSW,@,SAC,"W, 132-108",28:27,7,0,2,0,0,2,6,8,9,6,23,15,14,17,draymond
2025-02-23,GSW,,DAL,"W, 126-102",27:10,10,0,2,3,4,0,4,4,6,13,23,19,17,10,draymond
2025-02-25,GSW,,CHO,"W, 128-92",22:57,12,1,5,2,2,1,5,6,6,15,27,21,21,12,draymond
2025-02-27,GSW,@,ORL,"W, 121-115",31:50,8,1,1,5,7,3,7,10,4,12,26,16,22,14,draymond
2025-03-01,GSW,@,PHI,"L, 119-126",36:07,13,0,2,3,4,2,6,8,8,13,29,21,21,16,draymond
2025-03-03,GSW,@,CHO,"W, 119-101",28:24,15,2,6,2,2,3,9,12,7,16,35,23,28,19,draymond
2025-03-04,GSW,@,NYK,"W, 114-102",34:36,4,0,1,4,4,2,7,9,8,8,25,16,17,17,draymond
2025-03-06,GSW,@,BRK,"W, 121-119",33:40,5,0,0,3,3,2,5,7,10,7,24,17,14,17,draymond
2025-03-08,GSW,,DET,"W, 115-110",31:21,7,2,5,4,6,1,8,9,7,12,28,19,21,16,draymond
2025-03-10,GSW,,POR,"W, 130-120",28:15,3,1,2,1,2,0,4,4,7,4,15,11,8,11,draymond
2025-03-13,GSW,,SAC,"W, 130-104",29:22,14,4,7,3,4,0,4,4,4,23,31,27,27,8,draymond
2025-03-15,GSW,,NYK,"W, 97-94",32:18,9,1,5,2,2,1,3,4,3,9,16,12,13,7,draymond
2025-03-17,GSW,,DEN,"L, 105-114",32:30,6,0,1,0,1,0,6,6,5,10,21,15,16,11,draymond
2025-03-18,GSW,,MIL,"W, 104-93",36:09,6,0,5,1,2,0,10,10,4,3,17,7,13,14,draymond
2025-03-20,GSW,,TOR,"W, 117-114",31:27,18,5,14,2,2,4,3,7,5,21,33,26,28,12,draymond
2025-03-22,GSW,@,ATL,"L, 115-124",35:12,7,1,4,0,0,0,6,6,6,5,17,11,11,12,draymond
2025-03-25,GSW,@,MIA,"L, 86-112",23:10,4,0,3,0,0,2,3,5,3,2,10,5,7,8,draymond
2025-03-28,GSW,@,NOP,"W, 111-95",25:33,6,0,3,2,2,1,4,5,6,6,17,12,11,11,draymond
2025-03-30,GSW,@,SAS,"W, 148-106",21:16,9,2,4,0,0,0,5,5,2,14,21,16,19,7,draymond
2025-04-01,GSW,@,MEM,"W, 134-125",32:58,12,1,7,4,4,2,8,10,12,13,35,25,23,22,draymond
2025-04-03,GSW,@,LAL,"W, 123-116",33:59,9,2,4,0,2,2,9,11,5,8,24,13,19,16,draymond
2025-04-04,GSW,,DEN,"W, 118-104",30:17,8,0,2,0,1,0,3,3,3,8,14,11,11,6,draymond
2025-04-06,GSW,,HOU,"L, 96-106",27:11,5,0,1,0,0,2,1,3,4,2,9,6,5,7,draymond
2025-04-08,GSW,@,PHO,"W, 133-95",20:22,4,1,2,2,2,0,2,2,4,5,11,9,7,6,draymond
2025-04-09,GSW,,SAS,"L, 111-114",33:25,7,2,4,3,4,3,6,9,8,13,30,21,22,17,draymond
2025-04-11,GSW,@,POR,"W, 103-86",29:12,6,1,5,0,0,0,7,7,5,3,15,8,10,12,draymond
2025-04-13,GSW,,LAC,"L, 119-124 (OT)",38:29,9,4,6,0,0,0,3,3,4,14,21,18,17,7,draymond
